9
0.0	7.28	25.24	14.0	13.93	16.28	13.15	26.83	27.66	
7.28	0.0	18.44	13.89	15.13	14.56	15.81	19.72	21.54	
25.24	18.44	0.0	21.0	31.38	27.86	33.02	3.61	20.88	
14.0	13.89	21.0	0.0	27.46	28.23	27.07	24.08	33.6	
13.93	15.13	31.38	27.46	0.0	6.08	3.0	31.4	23.09	
16.28	14.56	27.86	28.23	6.08	0.0	9.06	27.29	17.09	
13.15	15.81	33.02	27.07	3.0	9.06	0.0	33.3	25.96	
26.83	19.72	3.61	24.08	31.4	27.29	33.3	0.0	18.25	
27.66	21.54	20.88	33.6	23.09	17.09	25.96	18.25	0.0	
