8
0.0	12.65	21.93	6.32	3.16	20.25	0.0	15.81	
12.65	0.0	24.19	8.49	11.05	15.81	12.65	20.25	
21.93	24.19	0.0	18.25	24.35	12.04	21.93	6.4	
6.32	8.49	18.25	0.0	7.07	14.21	6.32	13.04	
3.16	11.05	24.35	7.07	0.0	21.26	3.16	18.44	
20.25	15.81	12.04	14.21	21.26	0.0	20.25	12.65	
0.0	12.65	21.93	6.32	3.16	20.25	0.0	15.81	
15.81	20.25	6.4	13.04	18.44	12.65	15.81	0.0	
