9
0.0	17.03	15.62	13.6	12.04	11.18	3.16	18.44	17.26	
17.03	0.0	21.02	24.19	5.39	22.47	19.8	25.18	14.56	
15.62	21.02	0.0	29.21	19.42	7.0	14.76	33.94	8.6	
13.6	24.19	29.21	0.0	19.03	24.08	14.87	6.08	30.08	
12.04	5.39	19.42	19.03	0.0	19.24	15.0	20.62	15.0	
11.18	22.47	7.0	24.08	19.24	0.0	9.22	29.41	13.89	
3.16	19.8	14.76	14.87	15.0	9.22	0.0	20.25	18.0	
18.44	25.18	33.94	6.08	20.62	29.41	20.25	0.0	33.62	
17.26	14.56	8.6	30.08	15.0	13.89	18.0	33.62	0.0	
