6
0.0	13.0	6.4	21.0	8.6	4.47	
13.0	0.0	17.03	10.3	17.12	14.04	
6.4	17.03	0.0	26.31	3.0	3.0	
21.0	10.3	26.31	0.0	26.93	23.35	
8.6	17.12	3.0	26.93	0.0	4.24	
4.47	14.04	3.0	23.35	4.24	0.0	
